------------Unigrams------------
[2.0794415416798357, 16.6887768479575]
[14.673873827415235, 48.665475824461424]
[5.545177444479562, 35.56348426663246]
[2.772588722239781, 6.643789733147672]
[1.0986122886681098, 8.540909718033554]
[1.3862943611198906, 8.014335737299424]
[3.58351893845611, 11.010068010853415]
[5.545177444479562, 26.997256740614624]
[18.225896051935063, 38.22625812286503]
[4.1588830833596715, 10.461502059104577]
[3.8712010109078907, 13.357808552520556]
[4.276666119016055, 18.053219609069586]
[5.950642552587727, 30.799464880035554]
[2.772588722239781, 16.878153536800895]
[2.0794415416798357, 5.075173815233827]
[10.227308671603783, 29.50919018111234]
[22.112845419811094, 102.79583840208782]
[8.030084094267563, 28.269462266871606]
[3.4657359027997265, 24.286353470529995]
[5.480638923341991, 19.327834177572758]
[15.079338935523399, 41.56599864992703]
[3.8712010109078907, 38.474475311731354]
[0.6931471805599453, 7.649692623711514]
[7.742402021815782, 38.81872773567154]
[1.791759469228055, 14.233398186070994]
[35.17067027607784, 54.08015963043388]
[13.405362501951727, 82.00837608172843]
[4.276666119016055, 17.203987375217046]
[2.6390573296152584, 9.234056898593499]
[13.405362501951727, 60.26322846460642]
[1.3862943611198906, 16.563544258147672]
[0.0, 10.51759152575562]
[8.435549202375727, 31.161585557806582]
[10.75055681536833, 34.578200663271346]
[13.110128839735987, 35.46804507378142]
[6.327936783729195, 36.256631447192404]
[1.3862943611198906, 18.88130290451216]
[8.958797346140276, 34.578200663271346]
[0.6931471805599453, 5.2574953720277815]
[6.104793232414985, 21.3819579112683]
[6.068425588244111, 24.342923822018392]
[0.0, 0.0]
[9.416378455387454, 24.379062868634268]
[5.950642552587727, 21.537481274907538]
[4.852030263919617, 10.16277015046621]
[7.167037876912221, 34.572360507335056]
[9.100525505968976, 26.24801197655345]
[4.564348191467836, 10.162770150466212]
[0.0, 3.871201010907891]
[15.525626038151817, 41.436765698062715]
[9.112948025967533, 45.56787798447702]
[7.742402021815782, 45.33695424584386]
[3.7376696182833684, 18.310637280390154]
[2.4849066497880004, 15.525626038151819]
[37.14943425000424, 34.92060763541237]
[0.0, 3.8712010109078907]
[2.4849066497880004, 20.767373053211458]
[11.297750083305194, 49.874195365630214]
[12.748582965562656, 38.64747158794133]
[3.295836866004329, 8.371010681238156]
[0.6931471805599453, 4.787491742782046]
[3.1780538303479453, 4.6443908991413725]
[11.48007164009915, 48.932097824084245]
[0.6931471805599453, 6.068425588244111]
[0.0, 1.791759469228055]
[4.584967478670571, 19.8694314600055]
[8.589699882202986, 24.58978389994992]
[9.259130536145614, 15.602587079287947]
[1.791759469228055, 8.507142855562735]
[5.950642552587727, 39.889940050151026]
[2.0794415416798357, 10.97370036668254]
[10.514990744055563, 42.22456745001329]
[0.0, 1.3862943611198906]
[0.0, 1.3862943611198906]
------------Bigrams------------
[0.0, 0.0]
[0.0, 0.0]
[0.0, 0.0]
[0.0, 0.0]
[0.0, 0.0]
[0.0, 0.0]
[0.0, 0.0]
[0.0, 0.0]
[0.0, 1.791759469228055]
[0.0, 0.0]
[0.0, 1.791759469228055]
[0.0, 0.0]
[0.0, 0.0]
[0.0, 0.0]
[0.0, 0.0]
[0.0, 0.6931471805599453]
[0.0, 1.0986122886681098]
[0.0, 0.0]
[0.0, 0.0]
[0.0, 0.0]
[0.0, 0.0]
[0.0, 0.0]
[0.0, 0.0]
[0.0, 0.0]
[0.0, 0.0]
[3.2188758248682006, 0.0]
[0.0, 0.6931471805599453]
[0.0, 2.302585092994046]
[0.0, 0.0]
[0.0, 0.0]
[0.0, 0.6931471805599453]
[0.0, 0.0]
[0.0, 0.0]
[0.0, 0.0]
[0.0, 0.6931471805599453]
[0.0, 0.0]
[0.0, 0.0]
[0.0, 0.0]
[0.0, 0.0]
[0.0, 0.0]
[0.0, 0.0]
[0.0, 0.0]
[0.0, 1.0986122886681098]
[0.0, 0.0]
[0.0, 0.6931471805599453]
[0.0, 0.0]
[0.0, 0.6931471805599453]
[0.0, 0.0]
[0.0, 0.0]
[0.0, 0.6931471805599453]
[0.0, 1.0986122886681098]
[0.0, 4.1588830833596715]
[0.0, 0.0]
[0.0, 0.0]
[0.0, 0.0]
[0.0, 0.0]
[0.0, 0.0]
[0.0, 3.295836866004329]
[0.0, 0.6931471805599453]
[0.0, 0.0]
[0.0, 0.6931471805599453]
[0.0, 0.0]
[0.0, 0.0]
[0.0, 0.0]
[0.0, 0.0]
[0.0, 1.0986122886681098]
[0.0, 0.0]
[0.0, 0.0]
[0.0, 0.0]
[0.0, 0.0]
[0.0, 0.0]
[0.0, 0.0]
[0.0, 0.0]
[0.0, 0.0]
------------Trigrams------------
[2.0794415416798357, 16.6887768479575]
[14.673873827415235, 48.665475824461424]
[5.545177444479562, 35.56348426663246]
[2.772588722239781, 6.643789733147672]
[1.0986122886681098, 8.540909718033554]
[1.3862943611198906, 8.014335737299424]
[3.58351893845611, 11.010068010853415]
[5.545177444479562, 26.997256740614624]
[18.225896051935063, 38.22625812286503]
[4.1588830833596715, 10.461502059104577]
[3.8712010109078907, 13.357808552520556]
[4.276666119016055, 18.053219609069586]
[5.950642552587727, 30.799464880035554]
[2.772588722239781, 16.878153536800895]
[2.0794415416798357, 5.075173815233827]
[10.227308671603783, 29.50919018111234]
[22.112845419811094, 102.79583840208782]
[8.030084094267563, 28.269462266871606]
[3.4657359027997265, 24.286353470529995]
[5.480638923341991, 19.327834177572758]
[15.079338935523399, 41.56599864992703]
[3.8712010109078907, 38.474475311731354]
[0.6931471805599453, 7.649692623711514]
[7.742402021815782, 38.81872773567154]
[1.791759469228055, 14.233398186070994]
[35.17067027607784, 54.08015963043388]
[13.405362501951727, 82.00837608172843]
[4.276666119016055, 17.203987375217046]
[2.6390573296152584, 9.234056898593499]
[13.405362501951727, 60.26322846460642]
[1.3862943611198906, 16.563544258147672]
[0.0, 10.51759152575562]
[8.435549202375727, 31.161585557806582]
[10.75055681536833, 34.578200663271346]
[13.110128839735987, 35.46804507378142]
[6.327936783729195, 36.256631447192404]
[1.3862943611198906, 18.88130290451216]
[8.958797346140276, 34.578200663271346]
[0.6931471805599453, 5.2574953720277815]
[6.104793232414985, 21.3819579112683]
[6.068425588244111, 24.342923822018392]
[0.0, 0.0]
[9.416378455387454, 24.379062868634268]
[5.950642552587727, 21.537481274907538]
[4.852030263919617, 10.16277015046621]
[7.167037876912221, 34.572360507335056]
[9.100525505968976, 26.24801197655345]
[4.564348191467836, 10.162770150466212]
[0.0, 3.871201010907891]
[15.525626038151817, 41.436765698062715]
[9.112948025967533, 45.56787798447702]
[7.742402021815782, 45.33695424584386]
[3.7376696182833684, 18.310637280390154]
[2.4849066497880004, 15.525626038151819]
[37.14943425000424, 34.92060763541237]
[0.0, 3.8712010109078907]
[2.4849066497880004, 20.767373053211458]
[11.297750083305194, 49.874195365630214]
[12.748582965562656, 38.64747158794133]
[3.295836866004329, 8.371010681238156]
[0.6931471805599453, 4.787491742782046]
[3.1780538303479453, 4.6443908991413725]
[11.48007164009915, 48.932097824084245]
[0.6931471805599453, 6.068425588244111]
[0.0, 1.791759469228055]
[4.584967478670571, 19.8694314600055]
[8.589699882202986, 24.58978389994992]
[9.259130536145614, 15.602587079287947]
[1.791759469228055, 8.507142855562735]
[5.950642552587727, 39.889940050151026]
[2.0794415416798357, 10.97370036668254]
[10.514990744055563, 42.22456745001329]
[0.0, 1.3862943611198906]
[0.0, 1.3862943611198906]
------------Quadgrams------------
[2.0794415416798357, 16.6887768479575]
[14.673873827415235, 48.665475824461424]
[5.545177444479562, 35.56348426663246]
[2.772588722239781, 6.643789733147672]
[1.0986122886681098, 8.540909718033554]
[1.3862943611198906, 8.014335737299424]
[3.58351893845611, 11.010068010853415]
[5.545177444479562, 26.997256740614624]
[18.225896051935063, 38.22625812286503]
[4.1588830833596715, 10.461502059104577]
[3.8712010109078907, 13.357808552520556]
[4.276666119016055, 18.053219609069586]
[5.950642552587727, 30.799464880035554]
[2.772588722239781, 16.878153536800895]
[2.0794415416798357, 5.075173815233827]
[10.227308671603783, 29.50919018111234]
[22.112845419811094, 102.79583840208782]
[8.030084094267563, 28.269462266871606]
[3.4657359027997265, 24.286353470529995]
[5.480638923341991, 19.327834177572758]
[15.079338935523399, 41.56599864992703]
[3.8712010109078907, 38.474475311731354]
[0.6931471805599453, 7.649692623711514]
[7.742402021815782, 38.81872773567154]
[1.791759469228055, 14.233398186070994]
[35.17067027607784, 54.08015963043388]
[13.405362501951727, 82.00837608172843]
[4.276666119016055, 17.203987375217046]
[2.6390573296152584, 9.234056898593499]
[13.405362501951727, 60.26322846460642]
[1.3862943611198906, 16.563544258147672]
[0.0, 10.51759152575562]
[8.435549202375727, 31.161585557806582]
[10.75055681536833, 34.578200663271346]
[13.110128839735987, 35.46804507378142]
[6.327936783729195, 36.256631447192404]
[1.3862943611198906, 18.88130290451216]
[8.958797346140276, 34.578200663271346]
[0.6931471805599453, 5.2574953720277815]
[6.104793232414985, 21.3819579112683]
[6.068425588244111, 24.342923822018392]
[0.0, 0.0]
[9.416378455387454, 24.379062868634268]
[5.950642552587727, 21.537481274907538]
[4.852030263919617, 10.16277015046621]
[7.167037876912221, 34.572360507335056]
[9.100525505968976, 26.24801197655345]
[4.564348191467836, 10.162770150466212]
[0.0, 3.871201010907891]
[15.525626038151817, 41.436765698062715]
[9.112948025967533, 45.56787798447702]
[7.742402021815782, 45.33695424584386]
[3.7376696182833684, 18.310637280390154]
[2.4849066497880004, 15.525626038151819]
[37.14943425000424, 34.92060763541237]
[0.0, 3.8712010109078907]
[2.4849066497880004, 20.767373053211458]
[11.297750083305194, 49.874195365630214]
[12.748582965562656, 38.64747158794133]
[3.295836866004329, 8.371010681238156]
[0.6931471805599453, 4.787491742782046]
[3.1780538303479453, 4.6443908991413725]
[11.48007164009915, 48.932097824084245]
[0.6931471805599453, 6.068425588244111]
[0.0, 1.791759469228055]
[4.584967478670571, 19.8694314600055]
[8.589699882202986, 24.58978389994992]
[9.259130536145614, 15.602587079287947]
[1.791759469228055, 8.507142855562735]
[5.950642552587727, 39.889940050151026]
[2.0794415416798357, 10.97370036668254]
[10.514990744055563, 42.22456745001329]
[0.0, 1.3862943611198906]
[0.0, 1.3862943611198906]
